Julie Garcia Lab 1 Strassen Algorithm Output

Input
Order = 2
Input Matrix One
2 1 
1 5 
Input Matrix Two
6 7 
4 3 
Result ORDINARY Matrix Mutliplication
Number of Multiplications = 8
16 17 
26 22 
Result STRASSEN Matrix Mutliplication
Number of Multiplications = 7
16 17 
26 22 


Input
Order = 4
Input Matrix One
3 2 1 4 
-1 2 0 1 
2 3 -1 -2 
5 1 1 0 
Input Matrix Two
-1 2 -1 0 
3 -1 0 2 
-4 0 -3 1 
0 -2 1 2 
Result ORDINARY Matrix Mutliplication
Number of Multiplications = 64
-1 -4 -2 13 
7 -6 2 6 
11 5 -1 1 
-6 9 -8 3 
Result STRASSEN Matrix Mutliplication
Number of Multiplications = 49
-1 -4 -2 13 
7 -6 2 6 
11 5 -1 1 
-6 9 -8 3 


Input
Order = 8
Input Matrix One
1 0 1 2 0 -1 -1 -1 
-1 1 -1 1 2 0 0 3 
1 -1 2 -3 -1 1 1 0 
0 2 3 2 1 0 -1 -2 
2 3 -1 0 -1 0 -1 0 
1 2 2 1 0 1 1 2 
3 -1 0 2 2 2 2 1 
2 -2 1 -3 3 0 1 2 
Input Matrix Two
1 0 1 2 0 -1 -1 -1 
-1 1 -1 1 2 0 0 3 
1 -1 2 -3 -1 1 1 0 
0 2 3 2 1 0 -1 -2 
2 3 -1 0 -1 0 -1 0 
1 2 2 1 0 1 1 2 
3 -1 0 2 2 2 2 1 
2 -2 1 -3 3 0 1 2 
Result ORDINARY Matrix Mutliplication
Number of Multiplications = 512
-4 4 6 3 -4 -3 -6 -10 
7 4 0 -5 11 0 0 8 
6 -11 0 -8 -4 4 8 5 
-4 11 7 1 -6 1 -4 -3 
-7 2 -2 8 6 -5 -4 6 
9 -1 10 -3 11 4 5 10 
18 9 13 12 5 3 0 -2 
18 -5 -4 -11 -3 1 3 3 
Result STRASSEN Matrix Mutliplication
Number of Multiplications = 343
-4 4 6 3 -4 -3 -6 -10 
7 4 0 -5 11 0 0 8 
6 -11 0 -8 -4 4 8 5 
-4 11 7 1 -6 1 -4 -3 
-7 2 -2 8 6 -5 -4 6 
9 -1 10 -3 11 4 5 10 
18 9 13 12 5 3 0 -2 
18 -5 -4 -11 -3 1 3 3 


Input
Order = 16
Input Matrix One
1 0 1 2 0 -1 -1 -1 3 4 -1 -1 3 4 1 0 
-1 1 -1 1 2 0 0 3 4 5 -1 -1 3 4 1 0 
1 -1 2 -3 -1 1 1 0 3 2 -1 -1 3 4 1 0 
0 2 3 2 1 0 -1 -2 5 1 -1 -1 3 4 1 0 
2 3 -1 0 -1 0 -1 0 1 2 -1 -1 3 4 1 0 
1 2 2 1 0 1 1 2 2 9 -1 -1 3 4 1 0 
3 -1 0 2 2 2 2 1 1 -3 -1 -1 3 4 1 0 
2 -2 1 -3 3 0 1 2 0 2 -1 -1 3 4 1 0 
1 0 1 2 0 -1 -1 -1 9 3 -1 -1 3 4 1 0 
-1 1 -1 1 2 0 0 3 -1 1 -1 -1 3 4 1 0 
1 -1 2 -3 -1 1 1 0 1 1 -1 -1 3 4 1 0 
0 2 3 2 1 0 -1 -2 1 1 -1 -1 3 4 1 0 
2 3 -1 0 -1 0 -1 0 3 3 -1 -1 3 4 1 0 
1 2 2 1 0 1 1 2 3 3 -1 -1 3 4 1 0 
3 -1 0 2 2 2 2 1 2 2 -1 -1 3 4 1 0 
2 -2 1 -3 3 0 1 2 2 2 -1 -1 3 4 1 0 
Input Matrix Two
1 0 1 2 0 -1 -1 -1 9 3 -1 -1 3 4 1 0 
-1 1 -1 1 2 0 0 3 -1 1 -1 -1 3 4 1 0 
3 -1 0 2 2 2 2 1 2 2 -1 -1 3 4 1 0 
2 -2 1 -3 3 0 1 2 2 2 -1 -1 3 4 1 0 
1 0 1 2 0 -1 -1 -1 9 3 -1 -1 3 4 1 0 
-1 1 -1 1 2 0 0 3 -1 1 -1 -1 3 4 1 0 
1 -1 2 -3 -1 1 1 0 1 1 -1 -1 3 4 1 0 
0 2 3 2 1 0 -1 -2 1 1 -1 -1 3 4 1 0 
2 3 -1 0 -1 0 -1 0 3 3 -1 -1 3 4 1 0 
1 2 2 1 0 1 1 2 3 3 -1 -1 3 4 1 0 
3 -1 0 2 2 2 2 1 2 2 -1 -1 3 4 1 0 
2 -2 1 -3 3 0 1 2 2 2 -1 -1 3 4 1 0 
1 0 1 2 0 -1 -1 -1 9 3 -1 -1 3 4 1 0 
-1 1 -1 1 2 0 0 3 -1 1 -1 -1 3 4 1 0 
3 -1 0 2 2 2 2 1 2 2 -1 -1 3 4 1 0 
2 -2 1 -3 3 0 1 2 2 2 -1 -1 3 4 1 0 
Result ORDINARY Matrix Mutliplication
Number of Multiplications = 4096
15 16 2 15 8 1 0 18 56 38 -14 -14 42 56 14 0 
9 34 14 22 7 -1 -8 14 59 45 -20 -20 60 80 20 0 
6 22 -2 25 -4 4 -3 7 35 25 -11 -11 33 44 11 0 
19 15 -12 17 15 2 0 25 53 41 -17 -17 51 68 17 0 
-5 18 -3 21 9 -5 -7 18 33 23 -11 -11 33 44 11 0 
17 32 21 29 17 10 6 33 69 59 -27 -27 81 108 27 0 
6 0 4 11 11 -9 -10 1 66 28 -15 -15 45 60 15 0 
4 16 14 35 -5 -3 -9 -9 73 29 -12 -12 36 48 12 0 
26 32 -6 14 2 0 -7 16 71 53 -19 -19 57 76 19 0 
-5 11 11 18 12 -5 -7 6 32 18 -11 -11 33 44 11 0 
1 14 -2 24 -2 3 -2 5 26 16 -8 -8 24 32 8 0 
11 3 -8 17 19 2 4 25 41 29 -13 -13 39 52 13 0 
0 26 -3 22 7 -4 -8 20 42 32 -14 -14 42 56 14 0 
13 23 8 23 16 4 -1 21 54 44 -22 -22 66 88 22 0 
13 13 13 16 10 -4 -6 11 84 46 -21 -21 63 84 21 0 
8 22 12 35 -7 -3 -11 -9 79 35 -14 -14 42 56 14 0 
Result STRASSEN Matrix Mutliplication
Number of Multiplications = 2401
15 16 2 15 8 1 0 18 56 38 -14 -14 42 56 14 0 
9 34 14 22 7 -1 -8 14 59 45 -20 -20 60 80 20 0 
6 22 -2 25 -4 4 -3 7 35 25 -11 -11 33 44 11 0 
19 15 -12 17 15 2 0 25 53 41 -17 -17 51 68 17 0 
-5 18 -3 21 9 -5 -7 18 33 23 -11 -11 33 44 11 0 
17 32 21 29 17 10 6 33 69 59 -27 -27 81 108 27 0 
6 0 4 11 11 -9 -10 1 66 28 -15 -15 45 60 15 0 
4 16 14 35 -5 -3 -9 -9 73 29 -12 -12 36 48 12 0 
26 32 -6 14 2 0 -7 16 71 53 -19 -19 57 76 19 0 
-5 11 11 18 12 -5 -7 6 32 18 -11 -11 33 44 11 0 
1 14 -2 24 -2 3 -2 5 26 16 -8 -8 24 32 8 0 
11 3 -8 17 19 2 4 25 41 29 -13 -13 39 52 13 0 
0 26 -3 22 7 -4 -8 20 42 32 -14 -14 42 56 14 0 
13 23 8 23 16 4 -1 21 54 44 -22 -22 66 88 22 0 
13 13 13 16 10 -4 -6 11 84 46 -21 -21 63 84 21 0 
8 22 12 35 -7 -3 -11 -9 79 35 -14 -14 42 56 14 0 


